4.008600171761917
3.707570176097936
4.008600171761917
4.008600171761917
3.2304489213782737
4.008600171761917
4.008600171761917
4.008600171761917
4.008600171761917
2.6283889300503116
3.531478917042255
4.008600171761917
3.707570176097936
1.8017742957300678
2.1760912590556813
3.531478917042255
4.008600171761917
4.008600171761917
2.1697510810246623
4.008600171761917
3.707570176097936
4.008600171761917
4.008600171761917
3.707570176097936
4.008600171761917
2.406540180433955
4.008600171761917
4.008600171761917
4.008600171761917
3.707570176097936
3.707570176097936
4.008600171761917
4.008600171761917
4.008600171761917
3.707570176097936
3.008600171761917
3.531478917042255
4.008600171761917
4.008600171761917
4.008600171761917
1.9082296266443546
4.008600171761917
2.729846570809088
4.008600171761917
4.008600171761917
4.008600171761917
4.008600171761917
2.686380877027998
4.008600171761917
3.531478917042255
4.008600171761917
4.008600171761917
4.008600171761917
4.008600171761917
4.008600171761917
4.008600171761917
3.707570176097936
4.008600171761917
4.008600171761917
4.008600171761917
4.008600171761917
3.707570176097936
3.707570176097936
4.008600171761917
4.008600171761917
3.707570176097936
4.008600171761917
4.008600171761917
1.8472321695269427
4.008600171761917
2.6661774909397113
4.008600171761917
3.1055101847699738
3.1055101847699738
3.008600171761917
3.3096301674258983
4.008600171761917
4.008600171761917
4.008600171761917
4.008600171761917
4.008600171761917
4.008600171761917
4.008600171761917
4.008600171761917
2.729846570809088
4.008600171761917
3.707570176097936
3.531478917042255
4.008600171761917
4.008600171761917
4.008600171761917
4.008600171761917
4.008600171761917
4.008600171761917
3.707570176097936
4.008600171761917
4.008600171761917
4.008600171761917
4.008600171761917
3.707570176097936
4.008600171761917
4.008600171761917
4.008600171761917
4.008600171761917
4.008600171761917
3.707570176097936
4.008600171761917
4.008600171761917
4.008600171761917
4.008600171761917
4.008600171761917
4.008600171761917
4.008600171761917
4.008600171761917
4.008600171761917
4.008600171761917
3.2304489213782737
4.008600171761917
4.008600171761917
4.008600171761917
4.008600171761917
3.707570176097936
2.57723640760293
4.008600171761917
4.008600171761917
4.008600171761917
4.008600171761917
4.008600171761917
4.008600171761917
4.008600171761917
4.008600171761917
3.531478917042255
3.4065401804339546
4.008600171761917
2.355387657986574
4.008600171761917
4.008600171761917
4.008600171761917
3.707570176097936
4.008600171761917
4.008600171761917
4.008600171761917
4.008600171761917
4.008600171761917
4.008600171761917
4.008600171761917
4.008600171761917
4.008600171761917
4.008600171761917
4.008600171761917
4.008600171761917
3.707570176097936
4.008600171761917
4.008600171761917
4.008600171761917
4.008600171761917
4.008600171761917
4.008600171761917
4.008600171761917
4.008600171761917
3.707570176097936
4.008600171761917
4.008600171761917
4.008600171761917
4.008600171761917
4.008600171761917
4.008600171761917
3.531478917042255
4.008600171761917
4.008600171761917
4.008600171761917
4.008600171761917
4.008600171761917
4.008600171761917
4.008600171761917
4.008600171761917
4.008600171761917
3.707570176097936
4.008600171761917
4.008600171761917
4.008600171761917
4.008600171761917
4.008600171761917
4.008600171761917
4.008600171761917
4.008600171761917
4.008600171761917
4.008600171761917
4.008600171761917
4.008600171761917
4.008600171761917
4.008600171761917
4.008600171761917
4.008600171761917
2.6468723357443245
4.008600171761917
4.008600171761917
4.008600171761917
4.008600171761917
4.008600171761917
3.531478917042255
3.707570176097936
3.707570176097936
4.008600171761917
2.6106601630898796
4.008600171761917
4.008600171761917
4.008600171761917
4.008600171761917
4.008600171761917
4.008600171761917
4.008600171761917
2.7075701760979363
4.008600171761917
4.008600171761917
4.008600171761917
4.008600171761917
4.008600171761917
4.008600171761917
4.008600171761917
4.008600171761917
4.008600171761917
4.008600171761917
4.008600171761917
4.008600171761917
4.008600171761917
4.008600171761917
4.008600171761917
4.008600171761917
4.008600171761917
4.008600171761917
4.008600171761917
4.008600171761917
4.008600171761917
4.008600171761917
4.008600171761917
4.008600171761917
4.008600171761917
4.008600171761917
4.008600171761917
4.008600171761917
4.008600171761917
4.008600171761917
4.008600171761917
4.008600171761917
4.008600171761917
3.707570176097936
2.894656819455081
4.008600171761917
4.008600171761917
2.967207486603692
4.008600171761917
4.008600171761917
4.008600171761917
4.008600171761917
4.008600171761917
4.008600171761917
4.008600171761917
4.008600171761917
4.008600171761917
4.008600171761917
4.008600171761917
4.008600171761917
4.008600171761917
4.008600171761917
4.008600171761917
4.008600171761917
4.008600171761917
4.008600171761917
4.008600171761917
4.008600171761917
4.008600171761917
4.008600171761917
4.008600171761917
2.967207486603692
4.008600171761917
4.008600171761917
4.008600171761917
4.008600171761917
4.008600171761917
4.008600171761917
4.008600171761917
4.008600171761917
4.008600171761917
4.008600171761917
4.008600171761917
4.008600171761917
4.008600171761917
4.008600171761917
4.008600171761917
4.008600171761917
4.008600171761917
4.008600171761917
4.008600171761917
4.008600171761917
4.008600171761917
4.008600171761917
4.008600171761917
4.008600171761917
4.008600171761917
4.008600171761917
4.008600171761917
4.008600171761917
4.008600171761917
4.008600171761917
4.008600171761917
4.008600171761917
4.008600171761917
4.008600171761917
4.008600171761917
4.008600171761917
3.008600171761917
3.707570176097936
4.008600171761917
4.008600171761917
4.008600171761917
4.008600171761917
4.008600171761917
4.008600171761917
4.008600171761917
4.008600171761917
4.008600171761917
4.008600171761917
4.008600171761917
4.008600171761917
4.008600171761917
4.008600171761917
4.008600171761917
4.008600171761917
4.008600171761917
4.008600171761917
4.008600171761917
3.707570176097936
4.008600171761917
4.008600171761917
4.008600171761917
4.008600171761917
4.008600171761917
4.008600171761917
4.008600171761917
4.008600171761917
4.008600171761917
4.008600171761917
4.008600171761917
2.7075701760979363
4.008600171761917
4.008600171761917
4.008600171761917
4.008600171761917
4.008600171761917
4.008600171761917
4.008600171761917
4.008600171761917
4.008600171761917
4.008600171761917
4.008600171761917
4.008600171761917
4.008600171761917
4.008600171761917
4.008600171761917
4.008600171761917
4.008600171761917
4.008600171761917
4.008600171761917
3.1055101847699738
4.008600171761917
4.008600171761917
4.008600171761917
4.008600171761917
4.008600171761917
3.1055101847699738
4.008600171761917
4.008600171761917
3.707570176097936
4.008600171761917
4.008600171761917
4.008600171761917
4.008600171761917
4.008600171761917
2.5034501934420117
2.440398447694922
2.0448123444163624
3.707570176097936
3.0543576623225923
2.57723640760293
4.008600171761917
4.008600171761917
4.008600171761917
3.707570176097936
4.008600171761917
4.008600171761917
3.707570176097936
3.531478917042255
4.008600171761917
2.929418925714293
3.707570176097936
4.008600171761917
4.008600171761917
3.707570176097936
4.008600171761917
2.7533276666586115
4.008600171761917
4.008600171761917
4.008600171761917
4.008600171761917
4.008600171761917
3.707570176097936
4.008600171761917
3.531478917042255
4.008600171761917
4.008600171761917
4.008600171761917
4.008600171761917
4.008600171761917
3.707570176097936
4.008600171761917
4.008600171761917
4.008600171761917
4.008600171761917
4.008600171761917
4.008600171761917
4.008600171761917
3.4065401804339546
3.707570176097936
4.008600171761917
3.707570176097936
3.707570176097936
3.707570176097936
2.967207486603692
3.707570176097936
3.707570176097936
4.008600171761917
3.707570176097936
4.008600171761917
4.008600171761917
4.008600171761917
3.707570176097936
4.008600171761917
4.008600171761917
4.008600171761917
3.707570176097936
4.008600171761917
4.008600171761917
3.707570176097936
3.2304489213782737
3.707570176097936
3.531478917042255
4.008600171761917
4.008600171761917
4.008600171761917
3.531478917042255
4.008600171761917
4.008600171761917
4.008600171761917
4.008600171761917
4.008600171761917
4.008600171761917
4.008600171761917
4.008600171761917
3.4065401804339546
4.008600171761917
4.008600171761917
3.3096301674258983
4.008600171761917
4.008600171761917
3.707570176097936
4.008600171761917
4.008600171761917
4.008600171761917
4.008600171761917
4.008600171761917
2.929418925714293
4.008600171761917
4.008600171761917
4.008600171761917
4.008600171761917
4.008600171761917
4.008600171761917
4.008600171761917
4.008600171761917
4.008600171761917
4.008600171761917
4.008600171761917
4.008600171761917
4.008600171761917
4.008600171761917
4.008600171761917
3.707570176097936
3.707570176097936
4.008600171761917
4.008600171761917
4.008600171761917
4.008600171761917
3.707570176097936
4.008600171761917
4.008600171761917
4.008600171761917
4.008600171761917
4.008600171761917
3.2304489213782737
4.008600171761917
3.707570176097936
3.531478917042255
3.4065401804339546
3.707570176097936
4.008600171761917
3.707570176097936
3.707570176097936
3.707570176097936
4.008600171761917
3.707570176097936
3.531478917042255
4.008600171761917
3.3096301674258983
4.008600171761917
4.008600171761917
3.707570176097936
4.008600171761917
4.008600171761917
3.707570176097936
4.008600171761917
4.008600171761917
4.008600171761917
3.531478917042255
4.008600171761917
3.707570176097936
3.008600171761917
4.008600171761917
4.008600171761917
4.008600171761917
4.008600171761917
4.008600171761917
2.832508912706236
3.707570176097936
4.008600171761917
4.008600171761917
3.707570176097936
4.008600171761917
4.008600171761917
4.008600171761917
3.707570176097936
3.1055101847699738
4.008600171761917
2.967207486603692
2.804480189105993
4.008600171761917
3.1055101847699738
3.1055101847699738
3.0543576623225923
4.008600171761917
3.3096301674258983
4.008600171761917
3.707570176097936
3.531478917042255
3.3096301674258983
4.008600171761917
4.008600171761917
3.707570176097936
2.440398447694922
4.008600171761917
4.008600171761917
4.008600171761917
3.707570176097936
4.008600171761917
4.008600171761917
3.4065401804339546
4.008600171761917
4.008600171761917
4.008600171761917
4.008600171761917
4.008600171761917
2.929418925714293
4.008600171761917
4.008600171761917
4.008600171761917
4.008600171761917
3.531478917042255
4.008600171761917
2.49008623188403
4.008600171761917
3.2304489213782737
4.008600171761917
3.707570176097936
3.707570176097936
4.008600171761917
3.4065401804339546
4.008600171761917
4.008600171761917
2.729846570809088
3.3096301674258983
4.008600171761917
3.707570176097936
3.531478917042255
4.008600171761917
4.008600171761917
3.3096301674258983
4.008600171761917
2.894656819455081
3.531478917042255
3.531478917042255
3.707570176097936
3.531478917042255
4.008600171761917
4.008600171761917
4.008600171761917
4.008600171761917
4.008600171761917
4.008600171761917
4.008600171761917
4.008600171761917
4.008600171761917
3.4065401804339546
3.531478917042255
4.008600171761917
1.9404143100157558
3.707570176097936
3.707570176097936
3.008600171761917
4.008600171761917
4.008600171761917
4.008600171761917
3.531478917042255
2.7075701760979363
4.008600171761917
4.008600171761917
4.008600171761917
3.531478917042255
4.008600171761917
4.008600171761917
2.7781512503836434
4.008600171761917
3.707570176097936
3.531478917042255
3.4065401804339546
3.0543576623225923
3.1635021317476606
4.008600171761917
4.008600171761917
4.008600171761917
2.7075701760979363
4.008600171761917
3.4065401804339546
4.008600171761917
2.6468723357443245
3.707570176097936
3.707570176097936
4.008600171761917
4.008600171761917
3.531478917042255
3.4065401804339546
4.008600171761917
3.3096301674258983
3.4065401804339546
4.008600171761917
3.707570176097936
3.707570176097936
3.707570176097936
3.2304489213782737
4.008600171761917
4.008600171761917
1.4927263280502385
4.008600171761917
4.008600171761917
4.008600171761917
2.5936268237910998
4.008600171761917
4.008600171761917
4.008600171761917
4.008600171761917
3.531478917042255
4.008600171761917
4.008600171761917
4.008600171761917
4.008600171761917
4.008600171761917
4.008600171761917
4.008600171761917
2.6661774909397113
4.008600171761917
3.4065401804339546
3.4065401804339546
3.4065401804339546
3.531478917042255
4.008600171761917
4.008600171761917
2.464532127411642
3.707570176097936
3.4065401804339546
4.008600171761917
4.008600171761917
4.008600171761917
3.707570176097936
4.008600171761917
4.008600171761917
4.008600171761917
4.008600171761917
4.008600171761917
3.707570176097936
3.531478917042255
4.008600171761917
4.008600171761917
3.4065401804339546
3.707570176097936
3.707570176097936
4.008600171761917
3.4065401804339546
4.008600171761917
4.008600171761917
3.008600171761917
4.008600171761917
4.008600171761917
4.008600171761917
3.707570176097936
4.008600171761917
4.008600171761917
4.008600171761917
3.531478917042255
3.2304489213782737
4.008600171761917
4.008600171761917
3.4065401804339546
3.707570176097936
4.008600171761917
3.531478917042255
3.4065401804339546
3.3096301674258983
4.008600171761917
4.008600171761917
4.008600171761917
4.008600171761917
4.008600171761917
3.3096301674258983
4.008600171761917
4.008600171761917
3.707570176097936
4.008600171761917
4.008600171761917
3.707570176097936
4.008600171761917
3.707570176097936
3.707570176097936
4.008600171761917
4.008600171761917
4.008600171761917
3.707570176097936
4.008600171761917
3.4065401804339546
4.008600171761917
3.707570176097936
3.707570176097936
3.1635021317476606
3.707570176097936
4.008600171761917
4.008600171761917
4.008600171761917
4.008600171761917
4.008600171761917
4.008600171761917
3.707570176097936
3.1635021317476606
3.4065401804339546
4.008600171761917
3.707570176097936
3.707570176097936
4.008600171761917
4.008600171761917
4.008600171761917
4.008600171761917
4.008600171761917
4.008600171761917
2.894656819455081
2.967207486603692
3.707570176097936
4.008600171761917
4.008600171761917
4.008600171761917
3.707570176097936
4.008600171761917
4.008600171761917
1.8655853715078223
4.008600171761917
4.008600171761917
4.008600171761917
4.008600171761917
3.531478917042255
4.008600171761917
3.008600171761917
3.531478917042255
3.4065401804339546
4.008600171761917
3.4065401804339546
3.707570176097936
4.008600171761917
3.707570176097936
3.4065401804339546
4.008600171761917
2.832508912706236
4.008600171761917
4.008600171761917
4.008600171761917
4.008600171761917
4.008600171761917
4.008600171761917
3.531478917042255
4.008600171761917
4.008600171761917
4.008600171761917
4.008600171761917
3.707570176097936
3.707570176097936
4.008600171761917
4.008600171761917
4.008600171761917
4.008600171761917
4.008600171761917
4.008600171761917
3.707570176097936
4.008600171761917
3.3096301674258983
3.3096301674258983
2.894656819455081
4.008600171761917
4.008600171761917
4.008600171761917
4.008600171761917
3.707570176097936
3.2304489213782737
3.707570176097936
4.008600171761917
4.008600171761917
3.707570176097936
3.531478917042255
4.008600171761917
3.531478917042255
4.008600171761917
3.707570176097936
4.008600171761917
3.707570176097936
3.4065401804339546
2.7533276666586115
4.008600171761917
3.707570176097936
4.008600171761917
4.008600171761917
3.4065401804339546
3.707570176097936
3.531478917042255
3.3096301674258983
3.531478917042255
3.531478917042255
4.008600171761917
4.008600171761917
2.894656819455081
4.008600171761917
3.707570176097936
4.008600171761917
3.707570176097936
4.008600171761917
3.707570176097936
4.008600171761917
3.707570176097936
3.1055101847699738
4.008600171761917
3.707570176097936
4.008600171761917
4.008600171761917
4.008600171761917
4.008600171761917
4.008600171761917
4.008600171761917
3.531478917042255
4.008600171761917
4.008600171761917
4.008600171761917
3.707570176097936
4.008600171761917
4.008600171761917
3.1635021317476606
4.008600171761917
3.531478917042255
4.008600171761917
3.707570176097936
3.531478917042255
2.7781512503836434
3.2304489213782737
2.929418925714293
4.008600171761917
4.008600171761917
4.008600171761917
4.008600171761917
4.008600171761917
3.707570176097936
4.008600171761917
3.531478917042255
3.531478917042255
3.531478917042255
4.008600171761917
4.008600171761917
4.008600171761917
4.008600171761917
4.008600171761917
4.008600171761917
4.008600171761917
4.008600171761917
3.707570176097936
3.707570176097936
4.008600171761917
3.4065401804339546
3.3096301674258983
4.008600171761917
3.3096301674258983
4.008600171761917
3.3096301674258983
4.008600171761917
2.967207486603692
4.008600171761917
4.008600171761917
4.008600171761917
2.6283889300503116
4.008600171761917
4.008600171761917
4.008600171761917
4.008600171761917
4.008600171761917
4.008600171761917
4.008600171761917
2.686380877027998
4.008600171761917
4.008600171761917
2.7533276666586115
3.4065401804339546
4.008600171761917
4.008600171761917
4.008600171761917
4.008600171761917
3.707570176097936
2.804480189105993
4.008600171761917
4.008600171761917
3.2304489213782737
2.929418925714293
4.008600171761917
2.4175355647354184
4.008600171761917
2.209259622308336
4.008600171761917
3.3096301674258983
4.008600171761917
4.008600171761917
4.008600171761917
4.008600171761917
4.008600171761917
4.008600171761917
3.707570176097936
4.008600171761917
3.3096301674258983
2.6661774909397113
3.008600171761917
4.008600171761917
4.008600171761917
2.7075701760979363
3.4065401804339546
3.1635021317476606
3.707570176097936
3.008600171761917
3.707570176097936
3.707570176097936
4.008600171761917
4.008600171761917
3.531478917042255
4.008600171761917
4.008600171761917
3.1055101847699738
3.707570176097936
3.707570176097936
4.008600171761917
4.008600171761917
3.707570176097936
3.3096301674258983
3.707570176097936
4.008600171761917
3.707570176097936
2.3458423400803436
4.008600171761917
4.008600171761917
3.707570176097936
4.008600171761917
3.707570176097936
4.008600171761917
4.008600171761917
4.008600171761917
4.008600171761917
3.4065401804339546
4.008600171761917
3.707570176097936
4.008600171761917
2.967207486603692
4.008600171761917
4.008600171761917
2.894656819455081
4.008600171761917
4.008600171761917
4.008600171761917
4.008600171761917
3.3096301674258983
3.4065401804339546
4.008600171761917
3.531478917042255
4.008600171761917
4.008600171761917
4.008600171761917
3.531478917042255
4.008600171761917
3.3096301674258983
4.008600171761917
4.008600171761917
4.008600171761917
3.707570176097936
3.2304489213782737
4.008600171761917
4.008600171761917
3.707570176097936
4.008600171761917
2.832508912706236
3.1635021317476606
3.707570176097936
4.008600171761917
3.0543576623225923
3.4065401804339546
4.008600171761917
4.008600171761917
4.008600171761917
4.008600171761917
3.707570176097936
4.008600171761917
4.008600171761917
4.008600171761917
4.008600171761917
2.967207486603692
4.008600171761917
4.008600171761917
3.707570176097936
3.707570176097936
4.008600171761917
4.008600171761917
4.008600171761917
4.008600171761917
3.531478917042255
2.929418925714293
4.008600171761917
3.3096301674258983
4.008600171761917
4.008600171761917
2.7781512503836434
4.008600171761917
3.531478917042255
4.008600171761917
3.3096301674258983
3.707570176097936
4.008600171761917
4.008600171761917
3.707570176097936
4.008600171761917
3.531478917042255
4.008600171761917
3.3096301674258983
3.707570176097936
3.531478917042255
3.3096301674258983
4.008600171761917
3.707570176097936
3.707570176097936
4.008600171761917
3.3096301674258983
4.008600171761917
2.6468723357443245
3.531478917042255
3.707570176097936
3.707570176097936
2.561442140419698
3.531478917042255
2.804480189105993
4.008600171761917
4.008600171761917
3.4065401804339546
4.008600171761917
3.0543576623225923
2.440398447694922
3.1055101847699738
3.707570176097936
4.008600171761917
2.894656819455081
3.707570176097936
4.008600171761917
4.008600171761917
3.2304489213782737
3.531478917042255
4.008600171761917
3.707570176097936
4.008600171761917
3.2304489213782737
4.008600171761917
3.707570176097936
4.008600171761917
3.707570176097936
3.3096301674258983
2.6106601630898796
3.707570176097936
3.2304489213782737
3.707570176097936
4.008600171761917
4.008600171761917
3.531478917042255
4.008600171761917
4.008600171761917
4.008600171761917
4.008600171761917
3.531478917042255
2.804480189105993
4.008600171761917
3.707570176097936
3.531478917042255
4.008600171761917
4.008600171761917
4.008600171761917
4.008600171761917
4.008600171761917
3.4065401804339546
4.008600171761917
3.0543576623225923
4.008600171761917
4.008600171761917
3.4065401804339546
4.008600171761917
2.967207486603692
3.1635021317476606
4.008600171761917
4.008600171761917
3.4065401804339546
3.707570176097936
2.929418925714293
3.707570176097936
4.008600171761917
4.008600171761917
3.4065401804339546
3.707570176097936
4.008600171761917
4.008600171761917
4.008600171761917
3.4065401804339546
3.707570176097936
4.008600171761917
4.008600171761917
4.008600171761917
4.008600171761917
4.008600171761917
4.008600171761917
4.008600171761917
3.531478917042255
3.3096301674258983
4.008600171761917
4.008600171761917
3.707570176097936
3.4065401804339546
3.1635021317476606
4.008600171761917
4.008600171761917
4.008600171761917
4.008600171761917
3.707570176097936
4.008600171761917
4.008600171761917
3.707570176097936
3.707570176097936
4.008600171761917
3.707570176097936
4.008600171761917
4.008600171761917
4.008600171761917
4.008600171761917
4.008600171761917
3.707570176097936
3.0543576623225923
4.008600171761917
3.3096301674258983
3.531478917042255
3.707570176097936
4.008600171761917
4.008600171761917
4.008600171761917
4.008600171761917
3.531478917042255
3.531478917042255
4.008600171761917
4.008600171761917
4.008600171761917
3.707570176097936
3.707570176097936
4.008600171761917
2.5936268237910998
4.008600171761917
3.707570176097936
4.008600171761917
4.008600171761917
2.804480189105993
3.1635021317476606
3.707570176097936
4.008600171761917
4.008600171761917
4.008600171761917
4.008600171761917
3.3096301674258983
3.2304489213782737
4.008600171761917
3.707570176097936
4.008600171761917
3.531478917042255
3.3096301674258983
4.008600171761917
3.531478917042255
3.707570176097936
3.707570176097936
4.008600171761917
4.008600171761917
2.929418925714293
3.707570176097936
2.6468723357443245
3.3096301674258983
3.707570176097936
3.707570176097936
3.0543576623225923
3.4065401804339546
3.531478917042255
2.86247213608368
3.707570176097936
3.707570176097936
3.707570176097936
4.008600171761917
3.4065401804339546
3.707570176097936
3.0543576623225923
3.707570176097936
4.008600171761917
3.4065401804339546
4.008600171761917
4.008600171761917
3.0543576623225923
4.008600171761917
4.008600171761917
4.008600171761917
4.008600171761917
3.3096301674258983
3.3096301674258983
3.531478917042255
3.3096301674258983
4.008600171761917
3.4065401804339546
4.008600171761917
3.531478917042255
2.375131716182331
3.707570176097936
3.707570176097936
4.008600171761917
4.008600171761917
3.3096301674258983
2.686380877027998
4.008600171761917
4.008600171761917
4.008600171761917
4.008600171761917
4.008600171761917
4.008600171761917
4.008600171761917
3.3096301674258983
3.531478917042255
4.008600171761917
4.008600171761917
3.707570176097936
3.707570176097936
3.0543576623225923
4.008600171761917
4.008600171761917
3.707570176097936
2.7533276666586115
4.008600171761917
4.008600171761917
4.008600171761917
2.5034501934420117
4.008600171761917
2.7533276666586115
4.008600171761917
3.707570176097936
4.008600171761917
3.707570176097936
4.008600171761917
3.008600171761917
3.4065401804339546
2.832508912706236
3.2304489213782737
4.008600171761917
4.008600171761917
3.531478917042255
4.008600171761917
4.008600171761917
3.707570176097936
4.008600171761917
4.008600171761917
4.008600171761917
3.707570176097936
3.531478917042255
2.5314789170422554
4.008600171761917
4.008600171761917
4.008600171761917
4.008600171761917
3.531478917042255
2.4771212547196626
4.008600171761917
4.008600171761917
3.1635021317476606
3.531478917042255
3.531478917042255
3.707570176097936
4.008600171761917
3.2304489213782737
3.707570176097936
3.1055101847699738
3.707570176097936
4.008600171761917
4.008600171761917
4.008600171761917
4.008600171761917
4.008600171761917
4.008600171761917
4.008600171761917
4.008600171761917
3.707570176097936
3.531478917042255
4.008600171761917
3.707570176097936
4.008600171761917
4.008600171761917
4.008600171761917
4.008600171761917
4.008600171761917
3.531478917042255
3.531478917042255
3.531478917042255
3.531478917042255
4.008600171761917
3.707570176097936
4.008600171761917
3.531478917042255
4.008600171761917
4.008600171761917
4.008600171761917
4.008600171761917
3.707570176097936
4.008600171761917
3.707570176097936
3.707570176097936
3.707570176097936
4.008600171761917
4.008600171761917
3.4065401804339546
4.008600171761917
4.008600171761917
2.967207486603692
4.008600171761917
2.832508912706236
4.008600171761917
3.707570176097936
4.008600171761917
3.531478917042255
4.008600171761917
4.008600171761917
3.707570176097936
4.008600171761917
3.0543576623225923
4.008600171761917
4.008600171761917
3.707570176097936
4.008600171761917
3.707570176097936
2.832508912706236
4.008600171761917
2.832508912706236
3.4065401804339546
4.008600171761917
3.707570176097936
4.008600171761917
4.008600171761917
3.707570176097936
3.707570176097936
4.008600171761917
4.008600171761917
4.008600171761917
4.008600171761917
4.008600171761917
2.3010299956639813
4.008600171761917
2.2162084822636636
3.531478917042255
3.707570176097936
3.4065401804339546
4.008600171761917
3.1055101847699738
3.4065401804339546
3.4065401804339546
4.008600171761917
4.008600171761917
2.464532127411642
4.008600171761917
4.008600171761917
4.008600171761917
3.3096301674258983
3.1055101847699738
3.3096301674258983
4.008600171761917
4.008600171761917
4.008600171761917
4.008600171761917
2.6661774909397113
3.707570176097936
4.008600171761917
3.707570176097936
4.008600171761917
3.3096301674258983
4.008600171761917
3.3096301674258983
4.008600171761917
4.008600171761917
4.008600171761917
3.1055101847699738
4.008600171761917
3.707570176097936
2.967207486603692
3.4065401804339546
3.707570176097936
4.008600171761917
3.4065401804339546
3.531478917042255
4.008600171761917
3.707570176097936
3.707570176097936
2.967207486603692
4.008600171761917
4.008600171761917
4.008600171761917
4.008600171761917
4.008600171761917
4.008600171761917
4.008600171761917
3.4065401804339546
2.276206411938949
4.008600171761917
3.3096301674258983
3.008600171761917
3.707570176097936
3.707570176097936
3.707570176097936
4.008600171761917
3.707570176097936
3.707570176097936
4.008600171761917
4.008600171761917
3.707570176097936
4.008600171761917
4.008600171761917
4.008600171761917
3.707570176097936
3.707570176097936
4.008600171761917
3.531478917042255
3.3096301674258983
4.008600171761917
4.008600171761917
3.531478917042255
4.008600171761917
3.707570176097936
4.008600171761917
3.4065401804339546
3.531478917042255
3.531478917042255
4.008600171761917
4.008600171761917
3.707570176097936
3.531478917042255
4.008600171761917
4.008600171761917
3.2304489213782737
4.008600171761917
4.008600171761917
4.008600171761917
3.4065401804339546
3.531478917042255
4.008600171761917
4.008600171761917
4.008600171761917
4.008600171761917
4.008600171761917
4.008600171761917
4.008600171761917
4.008600171761917
4.008600171761917
4.008600171761917
2.832508912706236
3.707570176097936
3.707570176097936
4.008600171761917
4.008600171761917
2.561442140419698
4.008600171761917
4.008600171761917
4.008600171761917
4.008600171761917
4.008600171761917
4.008600171761917
4.008600171761917
2.86247213608368
4.008600171761917
4.008600171761917
3.2304489213782737
2.7533276666586115
4.008600171761917
4.008600171761917
4.008600171761917
4.008600171761917
4.008600171761917
4.008600171761917
4.008600171761917
3.707570176097936
3.4065401804339546
4.008600171761917
3.707570176097936
4.008600171761917
4.008600171761917
3.531478917042255
3.531478917042255
4.008600171761917
4.008600171761917
4.008600171761917
3.707570176097936
2.276206411938949
3.707570176097936
4.008600171761917
4.008600171761917
3.707570176097936
4.008600171761917
4.008600171761917
3.707570176097936
4.008600171761917
4.008600171761917
4.008600171761917
4.008600171761917
3.4065401804339546
4.008600171761917
3.707570176097936
4.008600171761917
3.707570176097936
4.008600171761917
3.707570176097936
3.707570176097936
3.0543576623225923
4.008600171761917
4.008600171761917
4.008600171761917
3.531478917042255
3.707570176097936
3.0543576623225923
4.008600171761917
4.008600171761917
4.008600171761917
3.531478917042255
2.729846570809088
4.008600171761917
3.3096301674258983
2.1221094465894357
4.008600171761917
4.008600171761917
4.008600171761917
3.707570176097936
2.894656819455081
4.008600171761917
4.008600171761917
3.3096301674258983
4.008600171761917
3.707570176097936
3.4065401804339546
3.707570176097936
3.4065401804339546
3.707570176097936
4.008600171761917
4.008600171761917
4.008600171761917
4.008600171761917
2.894656819455081
3.707570176097936
3.3096301674258983
3.531478917042255
3.4065401804339546
4.008600171761917
4.008600171761917
4.008600171761917
4.008600171761917
4.008600171761917
4.008600171761917
4.008600171761917
4.008600171761917
4.008600171761917
4.008600171761917
4.008600171761917
4.008600171761917
4.008600171761917
3.1055101847699738
3.707570176097936
3.707570176097936
4.008600171761917
2.57723640760293
4.008600171761917
2.86247213608368
2.4175355647354184
3.2304489213782737
3.707570176097936
3.4065401804339546
2.7075701760979363
4.008600171761917
4.008600171761917
3.531478917042255
4.008600171761917
4.008600171761917
3.1635021317476606
3.531478917042255
4.008600171761917
3.707570176097936
3.531478917042255
4.008600171761917
4.008600171761917
4.008600171761917
4.008600171761917
4.008600171761917
4.008600171761917
3.3096301674258983
3.1055101847699738
3.707570176097936
4.008600171761917
3.2304489213782737
3.531478917042255
4.008600171761917
4.008600171761917
4.008600171761917
4.008600171761917
4.008600171761917
4.008600171761917
3.1635021317476606
4.008600171761917
4.008600171761917
4.008600171761917
4.008600171761917
4.008600171761917
4.008600171761917
3.707570176097936
4.008600171761917
2.5034501934420117
3.3096301674258983
4.008600171761917
3.707570176097936
4.008600171761917
4.008600171761917
3.2304489213782737
3.4065401804339546
3.531478917042255
4.008600171761917
4.008600171761917
4.008600171761917
2.6106601630898796
4.008600171761917
4.008600171761917
3.531478917042255
4.008600171761917
4.008600171761917
4.008600171761917
4.008600171761917
2.6106601630898796
3.531478917042255
4.008600171761917
4.008600171761917
4.008600171761917
4.008600171761917
4.008600171761917
4.008600171761917
3.531478917042255
4.008600171761917
4.008600171761917
4.008600171761917
4.008600171761917
4.008600171761917
4.008600171761917
4.008600171761917
3.0543576623225923
4.008600171761917
2.832508912706236
3.2304489213782737
4.008600171761917
4.008600171761917
3.531478917042255
3.531478917042255
4.008600171761917
4.008600171761917
4.008600171761917
4.008600171761917
4.008600171761917
4.008600171761917
4.008600171761917
2.686380877027998
4.008600171761917
2.440398447694922
3.707570176097936
4.008600171761917
3.3096301674258983
4.008600171761917
4.008600171761917
4.008600171761917
3.707570176097936
4.008600171761917
4.008600171761917
4.008600171761917
4.008600171761917
4.008600171761917
2.5936268237910998
3.531478917042255
3.008600171761917
3.707570176097936
4.008600171761917
2.5936268237910998
4.008600171761917
4.008600171761917
4.008600171761917
4.008600171761917
3.531478917042255
4.008600171761917
3.707570176097936
4.008600171761917
3.4065401804339546
3.531478917042255
4.008600171761917
3.531478917042255
3.531478917042255
4.008600171761917
3.531478917042255
4.008600171761917
4.008600171761917
4.008600171761917
4.008600171761917
4.008600171761917
4.008600171761917
4.008600171761917
3.707570176097936
4.008600171761917
4.008600171761917
4.008600171761917
2.5936268237910998
4.008600171761917
4.008600171761917
4.008600171761917
4.008600171761917
3.707570176097936
4.008600171761917
4.008600171761917
4.008600171761917
4.008600171761917
4.008600171761917
4.008600171761917
4.008600171761917
2.804480189105993
3.531478917042255
4.008600171761917
4.008600171761917
3.531478917042255
4.008600171761917
4.008600171761917
4.008600171761917
4.008600171761917
4.008600171761917
3.707570176097936
4.008600171761917
3.531478917042255
3.707570176097936
2.967207486603692
3.531478917042255
4.008600171761917
4.008600171761917
4.008600171761917
4.008600171761917
4.008600171761917
4.008600171761917
3.1635021317476606
4.008600171761917
4.008600171761917
3.4065401804339546
4.008600171761917
3.2304489213782737
3.2304489213782737
4.008600171761917
3.707570176097936
4.008600171761917
3.707570176097936
3.2304489213782737
3.4065401804339546
4.008600171761917
4.008600171761917
4.008600171761917
4.008600171761917
3.0543576623225923
4.008600171761917
4.008600171761917
3.707570176097936
3.707570176097936
4.008600171761917
4.008600171761917
4.008600171761917
4.008600171761917
4.008600171761917
4.008600171761917
3.707570176097936
2.6106601630898796
3.707570176097936
3.2304489213782737
4.008600171761917
3.707570176097936
4.008600171761917
4.008600171761917
3.2304489213782737
4.008600171761917
4.008600171761917
4.008600171761917
3.531478917042255
4.008600171761917
4.008600171761917
4.008600171761917
3.4065401804339546
3.531478917042255
2.24517217819898
3.4065401804339546
3.707570176097936
4.008600171761917
4.008600171761917
4.008600171761917
2.832508912706236
4.008600171761917
4.008600171761917
3.707570176097936
4.008600171761917
3.1055101847699738
3.3096301674258983
4.008600171761917
2.929418925714293
3.531478917042255
2.832508912706236
4.008600171761917
4.008600171761917
3.531478917042255
3.4065401804339546
2.894656819455081
3.707570176097936
3.707570176097936
4.008600171761917
2.395816315042182
4.008600171761917
4.008600171761917
4.008600171761917
4.008600171761917
3.707570176097936
4.008600171761917
4.008600171761917
4.008600171761917
2.57723640760293
4.008600171761917
4.008600171761917
4.008600171761917
4.008600171761917
4.008600171761917
3.3096301674258983
3.531478917042255
2.86247213608368
4.008600171761917
4.008600171761917
3.707570176097936
3.4065401804339546
3.707570176097936
3.1635021317476606
4.008600171761917
4.008600171761917
2.517238477927645
3.707570176097936
3.4065401804339546
2.464532127411642
3.3096301674258983
3.3096301674258983
4.008600171761917
3.531478917042255
3.1055101847699738
3.707570176097936
3.3096301674258983
3.4065401804339546
3.1635021317476606
3.707570176097936
3.707570176097936
4.008600171761917
4.008600171761917
4.008600171761917
4.008600171761917
3.707570176097936
1.47584579276942
4.008600171761917
3.4065401804339546
4.008600171761917
1.8182684735916261
4.008600171761917
4.008600171761917
4.008600171761917
4.008600171761917
4.008600171761917
4.008600171761917
4.008600171761917
3.707570176097936
4.008600171761917
3.531478917042255
3.707570176097936
4.008600171761917
4.008600171761917
4.008600171761917
3.0543576623225923
3.1055101847699738
4.008600171761917
4.008600171761917
4.008600171761917
4.008600171761917
3.4065401804339546
3.008600171761917
4.008600171761917
4.008600171761917
4.008600171761917
4.008600171761917
3.2304489213782737
3.707570176097936
4.008600171761917
4.008600171761917
4.008600171761917
3.531478917042255
4.008600171761917
4.008600171761917
4.008600171761917
4.008600171761917
4.008600171761917
4.008600171761917
4.008600171761917
4.008600171761917
4.008600171761917
4.008600171761917
3.2304489213782737
3.3096301674258983
4.008600171761917
3.707570176097936
4.008600171761917
4.008600171761917
4.008600171761917
4.008600171761917
4.008600171761917
3.707570176097936
3.2304489213782737
4.008600171761917
4.008600171761917
4.008600171761917
2.1573418230428425
3.4065401804339546
3.707570176097936
4.008600171761917
3.707570176097936
4.008600171761917
4.008600171761917
3.531478917042255
4.008600171761917
4.008600171761917
4.008600171761917
4.008600171761917
4.008600171761917
3.1055101847699738
4.008600171761917
3.2304489213782737
3.707570176097936
4.008600171761917
4.008600171761917
4.008600171761917
3.4065401804339546
4.008600171761917
4.008600171761917
4.008600171761917
3.531478917042255
4.008600171761917
4.008600171761917
4.008600171761917
4.008600171761917
4.008600171761917
4.008600171761917
4.008600171761917
3.4065401804339546
4.008600171761917
4.008600171761917
4.008600171761917
3.531478917042255
3.008600171761917
3.3096301674258983
4.008600171761917
4.008600171761917
4.008600171761917
4.008600171761917
4.008600171761917
3.707570176097936
4.008600171761917
4.008600171761917
3.4065401804339546
3.531478917042255
4.008600171761917
4.008600171761917
2.967207486603692
4.008600171761917
4.008600171761917
4.008600171761917
2.729846570809088
4.008600171761917
4.008600171761917
4.008600171761917
4.008600171761917
4.008600171761917
4.008600171761917
4.008600171761917
3.2304489213782737
3.707570176097936
3.707570176097936
4.008600171761917
3.2304489213782737
4.008600171761917
3.531478917042255
2.6661774909397113
3.4065401804339546
4.008600171761917
2.49008623188403
4.008600171761917
4.008600171761917
4.008600171761917
3.707570176097936
3.707570176097936
4.008600171761917
4.008600171761917
3.707570176097936
3.707570176097936
2.7533276666586115
4.008600171761917
2.832508912706236
4.008600171761917
3.3096301674258983
3.4065401804339546
3.707570176097936
4.008600171761917
4.008600171761917
3.531478917042255
4.008600171761917
4.008600171761917
4.008600171761917
2.2925968281271185
4.008600171761917
4.008600171761917
3.707570176097936
3.707570176097936
3.707570176097936
3.1055101847699738
4.008600171761917
4.008600171761917
4.008600171761917
4.008600171761917
1.983294306497147
3.2304489213782737
4.008600171761917
4.008600171761917
4.008600171761917
2.6661774909397113
2.4175355647354184
2.7075701760979363
4.008600171761917
4.008600171761917
3.2304489213782737
3.707570176097936
4.008600171761917
3.707570176097936
3.4065401804339546
4.008600171761917
4.008600171761917
4.008600171761917
4.008600171761917
4.008600171761917
3.707570176097936
4.008600171761917
3.707570176097936
3.707570176097936
4.008600171761917
2.729846570809088
3.2304489213782737
3.531478917042255
3.4065401804339546
3.531478917042255
3.1635021317476606
2.517238477927645
3.707570176097936
3.707570176097936
4.008600171761917
4.008600171761917
3.707570176097936
4.008600171761917
2.017374096069423
3.4065401804339546
4.008600171761917
4.008600171761917
4.008600171761917
4.008600171761917
4.008600171761917
4.008600171761917
4.008600171761917
3.008600171761917
4.008600171761917
4.008600171761917
4.008600171761917
3.707570176097936
4.008600171761917
3.707570176097936
3.3096301674258983
3.4065401804339546
4.008600171761917
3.707570176097936
4.008600171761917
4.008600171761917
4.008600171761917
4.008600171761917
3.531478917042255
4.008600171761917
4.008600171761917
4.008600171761917
3.707570176097936
4.008600171761917
4.008600171761917
3.1635021317476606
3.707570176097936
3.2304489213782737
2.4771212547196626
4.008600171761917
3.707570176097936
4.008600171761917
4.008600171761917
4.008600171761917
4.008600171761917
3.707570176097936
4.008600171761917
2.967207486603692
2.729846570809088
4.008600171761917
3.531478917042255
4.008600171761917
4.008600171761917
4.008600171761917
4.008600171761917
4.008600171761917
4.008600171761917
4.008600171761917
4.008600171761917
2.894656819455081
4.008600171761917
4.008600171761917
4.008600171761917
3.707570176097936
4.008600171761917
3.707570176097936
4.008600171761917
4.008600171761917
4.008600171761917
4.008600171761917
4.008600171761917
3.707570176097936
3.3096301674258983
2.428816575145107
3.707570176097936
4.008600171761917
3.707570176097936
4.008600171761917
3.008600171761917
3.707570176097936
3.531478917042255
3.4065401804339546
4.008600171761917
3.707570176097936
4.008600171761917
4.008600171761917
4.008600171761917
4.008600171761917
4.008600171761917
4.008600171761917
4.008600171761917
4.008600171761917
3.4065401804339546
3.2304489213782737
3.2304489213782737
3.707570176097936
4.008600171761917
4.008600171761917
4.008600171761917
4.008600171761917
4.008600171761917
3.531478917042255
4.008600171761917
2.3458423400803436
4.008600171761917
4.008600171761917
3.4065401804339546
4.008600171761917
3.3096301674258983
4.008600171761917
4.008600171761917
3.2304489213782737
4.008600171761917
3.707570176097936
3.531478917042255
2.151267675330649
4.008600171761917
4.008600171761917
4.008600171761917
4.008600171761917
4.008600171761917
3.531478917042255
3.3096301674258983
2.7533276666586115
4.008600171761917
4.008600171761917
4.008600171761917
3.3096301674258983
3.4065401804339546
4.008600171761917
3.707570176097936
3.531478917042255
4.008600171761917
3.707570176097936
3.1055101847699738
3.2304489213782737
3.1055101847699738
3.531478917042255
3.531478917042255
3.4065401804339546
4.008600171761917
4.008600171761917
4.008600171761917
4.008600171761917
4.008600171761917
4.008600171761917
3.4065401804339546
3.707570176097936
4.008600171761917
4.008600171761917
4.008600171761917
4.008600171761917
4.008600171761917
4.008600171761917
4.008600171761917
4.008600171761917
3.707570176097936
3.2304489213782737
2.1001151528832676
3.707570176097936
3.707570176097936
3.707570176097936
4.008600171761917
4.008600171761917
4.008600171761917
4.008600171761917
4.008600171761917
3.4065401804339546
4.008600171761917
4.008600171761917
4.008600171761917
4.008600171761917
4.008600171761917
3.4065401804339546
4.008600171761917
4.008600171761917
4.008600171761917
4.008600171761917
4.008600171761917
3.707570176097936
4.008600171761917
4.008600171761917
3.707570176097936
3.4065401804339546
3.1055101847699738
2.7533276666586115
4.008600171761917
4.008600171761917
3.0543576623225923
3.707570176097936
4.008600171761917
4.008600171761917
3.531478917042255
3.531478917042255
4.008600171761917
4.008600171761917
4.008600171761917
4.008600171761917
2.440398447694922
4.008600171761917
3.707570176097936
4.008600171761917
4.008600171761917
4.008600171761917
2.6283889300503116
4.008600171761917
4.008600171761917
3.1635021317476606
2.385350881364017
4.008600171761917
3.2304489213782737
4.008600171761917
4.008600171761917
4.008600171761917
4.008600171761917
3.707570176097936
3.707570176097936
4.008600171761917
4.008600171761917
4.008600171761917
4.008600171761917
4.008600171761917
4.008600171761917
4.008600171761917
4.008600171761917
4.008600171761917
4.008600171761917
4.008600171761917
4.008600171761917
4.008600171761917
4.008600171761917
4.008600171761917
4.008600171761917
4.008600171761917
3.2304489213782737
4.008600171761917
4.008600171761917
3.707570176097936
4.008600171761917
4.008600171761917
3.707570176097936
4.008600171761917
3.4065401804339546
2.729846570809088
3.3096301674258983
3.707570176097936
3.1055101847699738
3.008600171761917
4.008600171761917
4.008600171761917
4.008600171761917
3.2304489213782737
3.4065401804339546
3.4065401804339546
3.4065401804339546
4.008600171761917
4.008600171761917
4.008600171761917
4.008600171761917
4.008600171761917
3.3096301674258983
4.008600171761917
4.008600171761917
4.008600171761917
4.008600171761917
3.4065401804339546
2.1452773116414616
4.008600171761917
3.0543576623225923
4.008600171761917
4.008600171761917
2.1573418230428425
4.008600171761917
4.008600171761917
4.008600171761917
3.4065401804339546
2.929418925714293
4.008600171761917
2.49008623188403
4.008600171761917
4.008600171761917
4.008600171761917
3.707570176097936
4.008600171761917
2.57723640760293
4.008600171761917
4.008600171761917
3.4065401804339546
3.531478917042255
3.531478917042255
3.531478917042255
3.1635021317476606
4.008600171761917
4.008600171761917
2.049558779440824
4.008600171761917
4.008600171761917
3.707570176097936
3.4065401804339546
2.894656819455081
4.008600171761917
4.008600171761917
4.008600171761917
2.7075701760979363
4.008600171761917
3.0543576623225923
2.929418925714293
3.531478917042255
3.531478917042255
3.707570176097936
1.5447071827760102
3.3096301674258983
2.182525369061091
4.008600171761917
4.008600171761917
4.008600171761917
4.008600171761917
3.707570176097936
3.707570176097936
3.707570176097936
4.008600171761917
4.008600171761917
4.008600171761917
4.008600171761917
4.008600171761917
1.868721085360681
2.967207486603692
3.531478917042255
2.967207486603692
4.008600171761917
3.707570176097936
4.008600171761917
4.008600171761917
4.008600171761917
4.008600171761917
4.008600171761917
3.2304489213782737
3.531478917042255
4.008600171761917
4.008600171761917
4.008600171761917
4.008600171761917
3.4065401804339546
4.008600171761917
4.008600171761917
2.894656819455081
2.7075701760979363
4.008600171761917
3.707570176097936
3.531478917042255
3.531478917042255
3.707570176097936
4.008600171761917
4.008600171761917
4.008600171761917
4.008600171761917
4.008600171761917
3.531478917042255
4.008600171761917
4.008600171761917
3.707570176097936
4.008600171761917
3.2304489213782737
4.008600171761917
3.707570176097936
4.008600171761917
4.008600171761917
4.008600171761917
3.531478917042255
3.008600171761917
4.008600171761917
3.707570176097936
4.008600171761917
3.531478917042255
4.008600171761917
4.008600171761917
3.707570176097936
4.008600171761917
4.008600171761917
3.531478917042255
3.2304489213782737
3.1635021317476606
4.008600171761917
3.707570176097936
3.2304489213782737
4.008600171761917
3.531478917042255
3.707570176097936
3.1055101847699738
4.008600171761917
3.707570176097936
3.2304489213782737
4.008600171761917
4.008600171761917
4.008600171761917
4.008600171761917
4.008600171761917
3.4065401804339546
4.008600171761917
4.008600171761917
3.707570176097936
4.008600171761917
4.008600171761917
4.008600171761917
4.008600171761917
4.008600171761917
4.008600171761917
3.707570176097936
4.008600171761917
4.008600171761917
4.008600171761917
4.008600171761917
3.531478917042255
4.008600171761917
4.008600171761917
4.008600171761917
2.7533276666586115
2.686380877027998
3.531478917042255
3.2304489213782737
3.707570176097936
3.707570176097936
3.707570176097936
3.2304489213782737
3.707570176097936
4.008600171761917
4.008600171761917
1.770554068633122
4.008600171761917
3.707570176097936
4.008600171761917
3.0543576623225923
4.008600171761917
3.707570176097936
2.561442140419698
3.531478917042255
4.008600171761917
4.008600171761917
4.008600171761917
4.008600171761917
4.008600171761917
4.008600171761917
3.531478917042255
2.686380877027998
4.008600171761917
3.4065401804339546
3.707570176097936
4.008600171761917
4.008600171761917
4.008600171761917
3.707570176097936
4.008600171761917
3.707570176097936
4.008600171761917
4.008600171761917
4.008600171761917
4.008600171761917
4.008600171761917
4.008600171761917
4.008600171761917
3.707570176097936
4.008600171761917
4.008600171761917
4.008600171761917
4.008600171761917
3.531478917042255
4.008600171761917
2.86247213608368
2.7533276666586115
4.008600171761917
4.008600171761917
2.832508912706236
4.008600171761917
4.008600171761917
3.3096301674258983
3.707570176097936
4.008600171761917
3.707570176097936
4.008600171761917
3.707570176097936
3.4065401804339546
4.008600171761917
3.1055101847699738
3.008600171761917
3.707570176097936
3.531478917042255
3.707570176097936
4.008600171761917
3.707570176097936
2.729846570809088
4.008600171761917
4.008600171761917
4.008600171761917
4.008600171761917
4.008600171761917
4.008600171761917
3.531478917042255
3.1055101847699738
3.531478917042255
3.4065401804339546
3.3096301674258983
4.008600171761917
3.707570176097936
3.008600171761917
3.3096301674258983
4.008600171761917
3.707570176097936
4.008600171761917
4.008600171761917
2.5936268237910998
3.1055101847699738
3.707570176097936
3.1055101847699738
4.008600171761917
4.008600171761917
4.008600171761917
3.3096301674258983
4.008600171761917
4.008600171761917
4.008600171761917
4.008600171761917
3.707570176097936
4.008600171761917
3.0543576623225923
3.2304489213782737
3.2304489213782737
3.707570176097936
3.707570176097936
3.4065401804339546
3.0543576623225923
3.707570176097936
3.531478917042255
3.707570176097936
4.008600171761917
4.008600171761917
4.008600171761917
4.008600171761917
2.804480189105993
4.008600171761917
3.0543576623225923
4.008600171761917
4.008600171761917
2.832508912706236
4.008600171761917
3.707570176097936
4.008600171761917
3.4065401804339546
4.008600171761917
3.4065401804339546
4.008600171761917
4.008600171761917
4.008600171761917
4.008600171761917
3.008600171761917
4.008600171761917
4.008600171761917
3.531478917042255
4.008600171761917
4.008600171761917
3.707570176097936
4.008600171761917
3.531478917042255
3.531478917042255
4.008600171761917
3.707570176097936
3.531478917042255
3.531478917042255
3.531478917042255
2.929418925714293
3.707570176097936
3.2304489213782737
4.008600171761917
2.86247213608368
4.008600171761917
4.008600171761917
4.008600171761917
3.707570176097936
3.707570176097936
2.967207486603692
3.2304489213782737
3.3096301674258983
4.008600171761917
3.0543576623225923
4.008600171761917
4.008600171761917
4.008600171761917
4.008600171761917
3.1635021317476606
4.008600171761917
2.5314789170422554
4.008600171761917
3.4065401804339546
2.804480189105993
4.008600171761917
3.1635021317476606
4.008600171761917
4.008600171761917
3.531478917042255
4.008600171761917
4.008600171761917
4.008600171761917
4.008600171761917
3.3096301674258983
4.008600171761917
3.707570176097936
4.008600171761917
4.008600171761917
3.707570176097936
2.6106601630898796
4.008600171761917
4.008600171761917
4.008600171761917
3.531478917042255
4.008600171761917
2.7533276666586115
2.406540180433955
4.008600171761917
2.804480189105993
3.707570176097936
3.4065401804339546
4.008600171761917
4.008600171761917
3.1055101847699738
4.008600171761917
4.008600171761917
3.707570176097936
4.008600171761917
4.008600171761917
4.008600171761917
3.707570176097936
4.008600171761917
3.707570176097936
3.1055101847699738
3.3096301674258983
3.1635021317476606
3.707570176097936
4.008600171761917
3.707570176097936
4.008600171761917
3.707570176097936
4.008600171761917
4.008600171761917
4.008600171761917
4.008600171761917
4.008600171761917
3.0543576623225923
3.008600171761917
4.008600171761917
4.008600171761917
4.008600171761917
3.707570176097936
3.2304489213782737
3.2304489213782737
3.1635021317476606
4.008600171761917
3.531478917042255
4.008600171761917
4.008600171761917
4.008600171761917
3.531478917042255
4.008600171761917
4.008600171761917
4.008600171761917
3.3096301674258983
4.008600171761917
4.008600171761917
4.008600171761917
2.7533276666586115
4.008600171761917
3.2304489213782737
4.008600171761917
4.008600171761917
3.707570176097936
2.967207486603692
4.008600171761917
3.707570176097936
3.0543576623225923
4.008600171761917
4.008600171761917
3.2304489213782737
4.008600171761917
4.008600171761917
4.008600171761917
4.008600171761917
4.008600171761917
4.008600171761917
4.008600171761917
3.1635021317476606
3.531478917042255
3.707570176097936
4.008600171761917
4.008600171761917
4.008600171761917
3.707570176097936
4.008600171761917
4.008600171761917
4.008600171761917
4.008600171761917
4.008600171761917
4.008600171761917
4.008600171761917
3.2304489213782737
3.707570176097936
3.4065401804339546
4.008600171761917
4.008600171761917
3.4065401804339546
3.707570176097936
4.008600171761917
3.707570176097936
4.008600171761917
4.008600171761917
4.008600171761917
3.707570176097936
4.008600171761917
4.008600171761917
4.008600171761917
4.008600171761917
3.707570176097936
4.008600171761917
3.1635021317476606
4.008600171761917
3.707570176097936
3.707570176097936
4.008600171761917
4.008600171761917
2.49008623188403
3.531478917042255
3.3096301674258983
4.008600171761917
4.008600171761917
4.008600171761917
4.008600171761917
4.008600171761917
4.008600171761917
4.008600171761917
4.008600171761917
4.008600171761917
4.008600171761917
4.008600171761917
4.008600171761917
4.008600171761917
4.008600171761917
4.008600171761917
3.707570176097936
3.707570176097936
4.008600171761917
4.008600171761917
4.008600171761917
3.707570176097936
2.967207486603692
4.008600171761917
4.008600171761917
4.008600171761917
4.008600171761917
3.2304489213782737
4.008600171761917
2.3458423400803436
3.4065401804339546
4.008600171761917
4.008600171761917
3.707570176097936
4.008600171761917
4.008600171761917
4.008600171761917
4.008600171761917
3.4065401804339546
4.008600171761917
3.707570176097936
4.008600171761917
4.008600171761917
4.008600171761917
4.008600171761917
4.008600171761917
4.008600171761917
2.7781512503836434
4.008600171761917
3.707570176097936
3.531478917042255
3.707570176097936
3.3096301674258983
3.3096301674258983
4.008600171761917
3.3096301674258983
3.4065401804339546
4.008600171761917
4.008600171761917
4.008600171761917
4.008600171761917
3.4065401804339546
4.008600171761917
3.3096301674258983
3.531478917042255
3.707570176097936
4.008600171761917
3.531478917042255
4.008600171761917
4.008600171761917
4.008600171761917
3.3096301674258983
4.008600171761917
3.707570176097936
4.008600171761917
3.3096301674258983
3.531478917042255
2.967207486603692
4.008600171761917
4.008600171761917
3.1635021317476606
4.008600171761917
3.3096301674258983
4.008600171761917
4.008600171761917
4.008600171761917
4.008600171761917
3.3096301674258983
3.531478917042255
4.008600171761917
3.531478917042255
4.008600171761917
3.531478917042255
4.008600171761917
4.008600171761917
4.008600171761917
4.008600171761917
4.008600171761917
4.008600171761917
4.008600171761917
4.008600171761917
3.531478917042255
3.531478917042255
4.008600171761917
4.008600171761917
4.008600171761917
4.008600171761917
2.929418925714293
4.008600171761917
3.531478917042255
2.929418925714293
3.1055101847699738
3.4065401804339546
3.707570176097936
2.832508912706236
3.0543576623225923
4.008600171761917
4.008600171761917
3.2304489213782737
3.1055101847699738
3.707570176097936
3.531478917042255
3.3096301674258983
4.008600171761917
4.008600171761917
3.4065401804339546
3.531478917042255
3.3096301674258983
4.008600171761917
2.894656819455081
3.531478917042255
2.7075701760979363
4.008600171761917
2.894656819455081
4.008600171761917
2.276206411938949
2.230448921378274
2.24517217819898
4.008600171761917
4.008600171761917
3.3096301674258983
2.894656819455081
3.707570176097936
3.531478917042255
3.707570176097936
3.707570176097936
4.008600171761917
3.707570176097936
3.707570176097936
4.008600171761917
4.008600171761917
3.707570176097936
4.008600171761917
3.707570176097936
4.008600171761917
4.008600171761917
4.008600171761917
3.531478917042255
4.008600171761917
4.008600171761917
3.707570176097936
2.2843243021611284
3.707570176097936
4.008600171761917
2.967207486603692
4.008600171761917
3.0543576623225923
3.707570176097936
4.008600171761917
1.1653673936639082
4.008600171761917
2.7781512503836434
4.008600171761917
2.929418925714293
3.707570176097936
4.008600171761917
3.707570176097936
3.707570176097936
4.008600171761917
4.008600171761917
4.008600171761917
2.7781512503836434
3.3096301674258983
4.008600171761917
4.008600171761917
3.707570176097936
4.008600171761917
4.008600171761917
4.008600171761917
4.008600171761917
4.008600171761917
4.008600171761917
4.008600171761917
4.008600171761917
4.008600171761917
3.3096301674258983
3.4065401804339546
3.707570176097936
4.008600171761917
4.008600171761917
3.707570176097936
4.008600171761917
4.008600171761917
4.008600171761917
3.531478917042255
3.707570176097936
3.707570176097936
4.008600171761917
4.008600171761917
4.008600171761917
3.3096301674258983
3.707570176097936
4.008600171761917
4.008600171761917
3.2304489213782737
3.4065401804339546
2.1452773116414616
4.008600171761917
3.4065401804339546
4.008600171761917
3.707570176097936
3.707570176097936
4.008600171761917
3.4065401804339546
4.008600171761917
3.4065401804339546
3.1055101847699738
4.008600171761917
3.2304489213782737
3.1055101847699738
4.008600171761917
3.3096301674258983
4.008600171761917
3.4065401804339546
3.531478917042255
4.008600171761917
4.008600171761917
3.531478917042255
4.008600171761917
4.008600171761917
4.008600171761917
4.008600171761917
4.008600171761917
4.008600171761917
2.428816575145107
4.008600171761917
4.008600171761917
2.929418925714293
3.1055101847699738
4.008600171761917
4.008600171761917
2.6468723357443245
4.008600171761917
3.2304489213782737
2.929418925714293
3.707570176097936
4.008600171761917
3.1635021317476606
4.008600171761917
4.008600171761917
4.008600171761917
4.008600171761917
3.4065401804339546
3.0543576623225923
3.1055101847699738
4.008600171761917
4.008600171761917
3.707570176097936
3.707570176097936
4.008600171761917
4.008600171761917
3.1635021317476606
4.008600171761917
4.008600171761917
4.008600171761917
3.3096301674258983
3.4065401804339546
4.008600171761917
4.008600171761917
4.008600171761917
4.008600171761917
3.707570176097936
3.4065401804339546
4.008600171761917
2.929418925714293
4.008600171761917
4.008600171761917
3.4065401804339546
3.707570176097936
3.707570176097936
2.561442140419698
3.707570176097936
4.008600171761917
3.4065401804339546
3.4065401804339546
4.008600171761917
4.008600171761917
4.008600171761917
3.707570176097936
3.707570176097936
4.008600171761917
3.707570176097936
3.707570176097936
3.707570176097936
4.008600171761917
3.4065401804339546
4.008600171761917
4.008600171761917
4.008600171761917
3.1055101847699738
4.008600171761917
4.008600171761917
4.008600171761917
4.008600171761917
3.531478917042255
3.1055101847699738
3.707570176097936
3.707570176097936
4.008600171761917
4.008600171761917
2.929418925714293
4.008600171761917
3.707570176097936
4.008600171761917
4.008600171761917
2.2843243021611284
3.4065401804339546
3.707570176097936
3.008600171761917
3.4065401804339546
3.707570176097936
3.4065401804339546
4.008600171761917
3.3096301674258983
4.008600171761917
4.008600171761917
2.5462021738629614
4.008600171761917
4.008600171761917
4.008600171761917
3.707570176097936
4.008600171761917
3.3096301674258983
3.531478917042255
4.008600171761917
3.707570176097936
4.008600171761917
3.531478917042255
3.707570176097936
3.707570176097936
4.008600171761917
4.008600171761917
4.008600171761917
4.008600171761917
4.008600171761917
3.531478917042255
4.008600171761917
2.7075701760979363
3.707570176097936
3.3096301674258983
4.008600171761917
4.008600171761917
3.707570176097936
3.0543576623225923
4.008600171761917
4.008600171761917
3.4065401804339546
3.4065401804339546
4.008600171761917
3.4065401804339546
3.0543576623225923
3.4065401804339546
4.008600171761917
3.707570176097936
3.1635021317476606
4.008600171761917
4.008600171761917
4.008600171761917
4.008600171761917
3.531478917042255
3.531478917042255
4.008600171761917
4.008600171761917
3.008600171761917
2.6283889300503116
4.008600171761917
4.008600171761917
4.008600171761917
4.008600171761917
2.929418925714293
4.008600171761917
3.707570176097936
3.707570176097936
4.008600171761917
4.008600171761917
2.464532127411642
3.707570176097936
4.008600171761917
4.008600171761917
3.707570176097936
4.008600171761917
4.008600171761917
4.008600171761917
4.008600171761917
4.008600171761917
4.008600171761917
3.531478917042255
3.2304489213782737
4.008600171761917
4.008600171761917
4.008600171761917
3.1635021317476606
2.428816575145107
3.707570176097936
4.008600171761917
3.707570176097936
4.008600171761917
4.008600171761917
4.008600171761917
2.57723640760293
4.008600171761917
3.4065401804339546
3.0543576623225923
4.008600171761917
4.008600171761917
2.894656819455081
3.707570176097936
2.24517217819898
4.008600171761917
4.008600171761917
4.008600171761917
4.008600171761917
3.531478917042255
4.008600171761917
3.2304489213782737
4.008600171761917
4.008600171761917
2.57723640760293
4.008600171761917
4.008600171761917
4.008600171761917
2.929418925714293
4.008600171761917
4.008600171761917
4.008600171761917
3.0543576623225923
4.008600171761917
4.008600171761917
4.008600171761917
3.3096301674258983
3.531478917042255
4.008600171761917
3.4065401804339546
3.531478917042255
4.008600171761917
3.707570176097936
4.008600171761917
4.008600171761917
3.531478917042255
4.008600171761917
4.008600171761917
2.86247213608368
3.707570176097936
3.707570176097936
4.008600171761917
4.008600171761917
4.008600171761917
2.6283889300503116
4.008600171761917
2.57723640760293
4.008600171761917
2.929418925714293
4.008600171761917
4.008600171761917
4.008600171761917
4.008600171761917
4.008600171761917
4.008600171761917
3.1055101847699738
4.008600171761917
4.008600171761917
4.008600171761917
4.008600171761917
4.008600171761917
3.531478917042255
4.008600171761917
4.008600171761917
4.008600171761917
3.531478917042255
3.707570176097936
4.008600171761917
3.2304489213782737
2.5936268237910998
4.008600171761917
4.008600171761917
3.3096301674258983
4.008600171761917
3.707570176097936
2.6106601630898796
4.008600171761917
4.008600171761917
2.832508912706236
4.008600171761917
3.1055101847699738
3.707570176097936
3.707570176097936
3.531478917042255
3.707570176097936
4.008600171761917
4.008600171761917
4.008600171761917
4.008600171761917
3.531478917042255
4.008600171761917
4.008600171761917
3.1055101847699738
2.7781512503836434
4.008600171761917
4.008600171761917
4.008600171761917
4.008600171761917
3.1635021317476606
4.008600171761917
4.008600171761917
3.531478917042255
3.2304489213782737
3.707570176097936
3.2304489213782737
4.008600171761917
3.707570176097936
3.0543576623225923
4.008600171761917
3.2304489213782737
4.008600171761917
3.2304489213782737
4.008600171761917
4.008600171761917
4.008600171761917
4.008600171761917
4.008600171761917
3.531478917042255
3.707570176097936
3.707570176097936
4.008600171761917
4.008600171761917
4.008600171761917
2.804480189105993
1.7485287837768428
4.008600171761917
2.1277865794811257
4.008600171761917
3.531478917042255
4.008600171761917
3.1635021317476606
4.008600171761917
4.008600171761917
4.008600171761917
4.008600171761917
4.008600171761917
4.008600171761917
4.008600171761917
4.008600171761917
4.008600171761917
4.008600171761917
2.6468723357443245
3.3096301674258983
3.531478917042255
3.531478917042255
4.008600171761917
4.008600171761917
4.008600171761917
4.008600171761917
4.008600171761917
2.561442140419698
4.008600171761917
3.008600171761917
4.008600171761917
4.008600171761917
4.008600171761917
4.008600171761917
4.008600171761917
4.008600171761917
3.531478917042255
2.729846570809088
3.0543576623225923
4.008600171761917
3.707570176097936
4.008600171761917
3.1635021317476606
3.4065401804339546
2.686380877027998
3.2304489213782737
3.1055101847699738
3.531478917042255
3.008600171761917
3.707570176097936
3.1635021317476606
3.531478917042255
3.707570176097936
4.008600171761917
3.707570176097936
2.1452773116414616
4.008600171761917
4.008600171761917
4.008600171761917
4.008600171761917
3.707570176097936
3.4065401804339546
4.008600171761917
3.4065401804339546
4.008600171761917
4.008600171761917
3.1635021317476606
2.86247213608368
4.008600171761917
3.4065401804339546
3.707570176097936
4.008600171761917
2.894656819455081
3.707570176097936
4.008600171761917
4.008600171761917
3.2304489213782737
4.008600171761917
4.008600171761917
4.008600171761917
4.008600171761917
4.008600171761917
4.008600171761917
4.008600171761917
3.707570176097936
4.008600171761917
4.008600171761917
3.1635021317476606
3.707570176097936
4.008600171761917
2.561442140419698
4.008600171761917
4.008600171761917
4.008600171761917
3.707570176097936
3.1055101847699738
3.707570176097936
3.707570176097936
3.707570176097936
4.008600171761917
4.008600171761917
4.008600171761917
2.49008623188403
4.008600171761917
3.531478917042255
4.008600171761917
4.008600171761917
4.008600171761917
4.008600171761917
3.1635021317476606
4.008600171761917
4.008600171761917
4.008600171761917
4.008600171761917
4.008600171761917
4.008600171761917
4.008600171761917
3.707570176097936
4.008600171761917
4.008600171761917
4.008600171761917
4.008600171761917
4.008600171761917
3.707570176097936
3.707570176097936
4.008600171761917
2.57723640760293
3.531478917042255
4.008600171761917
4.008600171761917
3.2304489213782737
4.008600171761917
4.008600171761917
4.008600171761917
4.008600171761917
4.008600171761917
4.008600171761917
4.008600171761917
4.008600171761917
4.008600171761917
4.008600171761917
4.008600171761917
4.008600171761917
4.008600171761917
4.008600171761917
4.008600171761917
4.008600171761917
4.008600171761917
4.008600171761917
4.008600171761917
4.008600171761917
4.008600171761917
4.008600171761917
4.008600171761917
4.008600171761917
4.008600171761917
4.008600171761917
3.707570176097936
4.008600171761917
3.707570176097936
3.2304489213782737
4.008600171761917
3.707570176097936
4.008600171761917
3.707570176097936
4.008600171761917
4.008600171761917
4.008600171761917
2.276206411938949
4.008600171761917
4.008600171761917
4.008600171761917
4.008600171761917
4.008600171761917
4.008600171761917
3.707570176097936
2.406540180433955
4.008600171761917
4.008600171761917
3.707570176097936
4.008600171761917
3.707570176097936
4.008600171761917
4.008600171761917
4.008600171761917
4.008600171761917
4.008600171761917
4.008600171761917
4.008600171761917
4.008600171761917
4.008600171761917
3.707570176097936
4.008600171761917
4.008600171761917
3.707570176097936
2.6468723357443245
3.3096301674258983
4.008600171761917
4.008600171761917
3.3096301674258983
4.008600171761917
4.008600171761917
4.008600171761917
4.008600171761917
2.49008623188403
4.008600171761917
4.008600171761917
4.008600171761917
4.008600171761917
4.008600171761917
4.008600171761917
3.707570176097936
4.008600171761917
4.008600171761917
4.008600171761917
3.531478917042255
4.008600171761917
4.008600171761917
4.008600171761917
3.531478917042255
3.531478917042255
3.4065401804339546
4.008600171761917
3.4065401804339546
4.008600171761917
4.008600171761917
4.008600171761917
4.008600171761917
4.008600171761917
3.707570176097936
4.008600171761917
3.707570176097936
3.707570176097936
3.3096301674258983
3.531478917042255
4.008600171761917
4.008600171761917
2.6661774909397113
4.008600171761917
3.707570176097936
3.707570176097936
1.9555217282784978
4.008600171761917
2.894656819455081
4.008600171761917
4.008600171761917
3.1635021317476606
4.008600171761917
4.008600171761917
4.008600171761917
4.008600171761917
4.008600171761917
4.008600171761917
4.008600171761917
3.531478917042255
4.008600171761917
3.707570176097936
4.008600171761917
4.008600171761917
2.049558779440824
4.008600171761917
3.531478917042255
4.008600171761917
3.707570176097936
4.008600171761917
4.008600171761917
3.707570176097936
2.929418925714293
4.008600171761917
3.1055101847699738
3.707570176097936
3.707570176097936
4.008600171761917
3.707570176097936
4.008600171761917
4.008600171761917
3.008600171761917
4.008600171761917
3.531478917042255
4.008600171761917
2.967207486603692
4.008600171761917
4.008600171761917
4.008600171761917
3.531478917042255
4.008600171761917
3.531478917042255
3.531478917042255
4.008600171761917
4.008600171761917
4.008600171761917
4.008600171761917
3.531478917042255
3.0543576623225923
4.008600171761917
4.008600171761917
4.008600171761917
3.707570176097936
2.3365023138262
4.008600171761917
3.2304489213782737
4.008600171761917
3.4065401804339546
4.008600171761917
4.008600171761917
3.4065401804339546
3.707570176097936
4.008600171761917
3.4065401804339546
3.707570176097936
3.531478917042255
3.531478917042255
4.008600171761917
4.008600171761917
4.008600171761917
4.008600171761917
3.0543576623225923
4.008600171761917
4.008600171761917
4.008600171761917
3.707570176097936
4.008600171761917
4.008600171761917
4.008600171761917
3.707570176097936
4.008600171761917
4.008600171761917
4.008600171761917
4.008600171761917
3.707570176097936
4.008600171761917
4.008600171761917
3.0543576623225923
2.3184040917334037
4.008600171761917
4.008600171761917
4.008600171761917
4.008600171761917
4.008600171761917
2.2377481601197733
4.008600171761917
3.707570176097936
4.008600171761917
4.008600171761917
3.531478917042255
4.008600171761917
4.008600171761917
4.008600171761917
4.008600171761917
4.008600171761917
4.008600171761917
4.008600171761917
3.707570176097936
4.008600171761917
4.008600171761917
4.008600171761917
4.008600171761917
3.0543576623225923
3.1635021317476606
3.531478917042255
3.531478917042255
3.707570176097936
4.008600171761917
4.008600171761917
4.008600171761917
4.008600171761917
4.008600171761917
3.707570176097936
4.008600171761917
4.008600171761917
4.008600171761917
3.4065401804339546
3.531478917042255
4.008600171761917
3.707570176097936
4.008600171761917
4.008600171761917
3.707570176097936
4.008600171761917
4.008600171761917
4.008600171761917
4.008600171761917
4.008600171761917
4.008600171761917
4.008600171761917
4.008600171761917
3.707570176097936
3.3096301674258983
4.008600171761917
4.008600171761917
3.707570176097936
4.008600171761917
3.2304489213782737
4.008600171761917
4.008600171761917
3.531478917042255
4.008600171761917
4.008600171761917
4.008600171761917
2.929418925714293
4.008600171761917
3.008600171761917
4.008600171761917
3.707570176097936
4.008600171761917
3.1635021317476606
4.008600171761917
4.008600171761917
4.008600171761917
3.531478917042255
3.2304489213782737
4.008600171761917
4.008600171761917
4.008600171761917
4.008600171761917
3.3096301674258983
4.008600171761917
4.008600171761917
4.008600171761917
2.967207486603692
4.008600171761917
4.008600171761917
3.531478917042255
3.707570176097936
3.707570176097936
3.4065401804339546
4.008600171761917
3.4065401804339546
3.1635021317476606
3.4065401804339546
4.008600171761917
4.008600171761917
4.008600171761917
4.008600171761917
4.008600171761917
3.707570176097936
2.36514749527573
4.008600171761917
3.707570176097936
3.707570176097936
4.008600171761917
4.008600171761917
3.707570176097936
3.4065401804339546
4.008600171761917
2.36514749527573
3.531478917042255
4.008600171761917
3.707570176097936
4.008600171761917
4.008600171761917
3.2304489213782737
4.008600171761917
3.707570176097936
3.707570176097936
3.707570176097936
3.707570176097936
4.008600171761917
3.707570176097936
4.008600171761917
4.008600171761917
4.008600171761917
2.24517217819898
3.008600171761917
3.531478917042255
4.008600171761917
4.008600171761917
3.707570176097936
3.707570176097936
3.2304489213782737
3.4065401804339546
3.4065401804339546
4.008600171761917
4.008600171761917
4.008600171761917
3.531478917042255
4.008600171761917
4.008600171761917
4.008600171761917
4.008600171761917
4.008600171761917
4.008600171761917
4.008600171761917
4.008600171761917
4.008600171761917
4.008600171761917
4.008600171761917
4.008600171761917
3.1635021317476606
4.008600171761917
4.008600171761917
4.008600171761917
4.008600171761917
3.707570176097936
3.707570176097936
4.008600171761917
4.008600171761917
4.008600171761917
4.008600171761917
3.707570176097936
4.008600171761917
3.707570176097936
4.008600171761917
4.008600171761917
4.008600171761917
4.008600171761917
3.707570176097936
4.008600171761917
4.008600171761917
4.008600171761917
4.008600171761917
4.008600171761917
4.008600171761917
4.008600171761917
3.707570176097936
4.008600171761917
4.008600171761917
4.008600171761917
4.008600171761917
3.4065401804339546
4.008600171761917
4.008600171761917
4.008600171761917
4.008600171761917
2.929418925714293
4.008600171761917
4.008600171761917
4.008600171761917
4.008600171761917
4.008600171761917
3.0543576623225923
3.4065401804339546
3.531478917042255
4.008600171761917
4.008600171761917
4.008600171761917
3.707570176097936
4.008600171761917
4.008600171761917
4.008600171761917
4.008600171761917
4.008600171761917
3.707570176097936
4.008600171761917
4.008600171761917
4.008600171761917
