3.872983346207417
4.58257569495584
5.291502622129181
2.6457513110645907
4.242640687119285
2.23606797749979
5.744562646538029
6
4.358898943540674
4.242640687119285
4.69041575982343
6.6332495807108
10.63014581273465
10.63014581273465
4.47213595499958
5.916079783099616
5.291502622129181
5
4.242640687119285
3.7416573867739413
5.196152422706632
6
3.1622776601683795
4.242640687119285
4.58257569495584
7.937253933193772
10.723805294763608
11.575836902790225
8.426149773176359
9.899494936611665
4.58257569495584
11.661903789690601
3.1622776601683795
9.591663046625438
5.0990195135927845
4.898979485566356
3.3166247903554
4.58257569495584
8.94427190999916
10.04987562112089
6.082762530298219
4.242640687119285
3.4641016151377544
5.0990195135927845
4.795831523312719
6.164414002968976
3.3166247903554
2.8284271247461903
6.48074069840786
5
2.449489742783178
6.324555320336759
4.358898943540674
4.795831523312719
2.8284271247461903
4.795831523312719
4.69041575982343
11.832159566199232
4.47213595499958
2.23606797749979
5
2.23606797749979
8.366600265340756
8.888194417315589
4.58257569495584
9
7.937253933193772
2.8284271247461903
11.704699910719626
6.082762530298219
4.58257569495584
10.246950765959598
4.47213595499958
3.605551275463989
4
7.416198487095663
6
4.898979485566356
3.4641016151377544
5.916079783099616
10.723805294763608
9.219544457292887
5.385164807134504
4.242640687119285
4.123105625617661
3.7416573867739413
4.47213595499958
5.291502622129181
10.246950765959598
5.0990195135927845
4.795831523312719
8.366600265340756
5.5677643628300215
7.211102550927978
2.8284271247461903
4.358898943540674
3.872983346207417
5.830951894845301
4.47213595499958
4.47213595499958
4
2.6457513110645907
4.242640687119285
4.242640687119285
5.196152422706632
6.244997998398398
6.244997998398398
4.795831523312719
5.916079783099616
5.291502622129181
5.5677643628300215
5.656854249492381
4.898979485566356
8.602325267042627
3
5.916079783099616
5.830951894845301
4.69041575982343
4.358898943540674
4.358898943540674
6.082762530298219
7.211102550927978
6.557438524302
5
9.746794344808963
5.744562646538029
10.14889156509222
9.486832980505138
3.7416573867739413
5.744562646538029
4
5.291502622129181
3.872983346207417
4.898979485566356
10.246950765959598
5.744562646538029
3.872983346207417
4.898979485566356
20.396078054371138
4.898979485566356
5.830951894845301
8.660254037844387
8.831760866327848
4.242640687119285
2.8284271247461903
2.8284271247461903
4
9.327379053088816
3.1622776601683795
4.358898943540674
6.855654600401044
9
6.082762530298219
9.38083151964686
9.1104335791443
3.7416573867739413
2.23606797749979
2.23606797749979
3.1622776601683795
2.449489742783178
11.313708498984761
2
7.0710678118654755
2
5.477225575051661
13.638181696985855
5.916079783099616
8.06225774829855
2.8284271247461903
6.164414002968976
2.8284271247461903
3.605551275463989
7.483314773547883
6.244997998398398
14.594519519326424
6.244997998398398
5.291502622129181
5.656854249492381
7.14142842854285
4
4.242640687119285
4.242640687119285
4.123105625617661
4.358898943540674
4.358898943540674
6.557438524302
2.449489742783178
7.483314773547883
5.385164807134504
2.6457513110645907
3
3.4641016151377544
5.385164807134504
9
4.358898943540674
3.872983346207417
7.54983443527075
5
8.12403840463596
3.4641016151377544
6.4031242374328485
3.605551275463989
5.744562646538029
4.69041575982343
2.449489742783178
6.708203932499369
3.872983346207417
5.291502622129181
5.385164807134504
5.5677643628300215
7.3484692283495345
4.123105625617661
5.477225575051661
9
3.7416573867739413
6
5.0990195135927845
3.872983346207417
13.601470508735444
4.358898943540674
4.69041575982343
3.605551275463989
7.14142842854285
7.211102550927978
4.47213595499958
5.196152422706632
3.3166247903554
5.830951894845301
7.280109889280518
2.6457513110645907
3.7416573867739413
4.69041575982343
5.0990195135927845
3.1622776601683795
2.6457513110645907
6.48074069840786
6.324555320336759
6.4031242374328485
6.164414002968976
6.244997998398398
4
4.47213595499958
4.898979485566356
2.23606797749979
2.449489742783178
2.449489742783178
2
2.23606797749979
2.23606797749979
2.23606797749979
2.23606797749979
2.23606797749979
2
2.23606797749979
2
2.8284271247461903
2
3.1622776601683795
2.8284271247461903
2
5.0990195135927845
2.23606797749979
9.273618495495704
4.58257569495584
4.58257569495584
2.23606797749979
2
2.23606797749979
4
2
2.449489742783178
2.23606797749979
2.6457513110645907
2.6457513110645907
6.782329983125268
7.416198487095663
2
2
10.770329614269007
6.855654600401044
2
2
5.656854249492381
4.242640687119285
5.5677643628300215
2.23606797749979
2
5.5677643628300215
2.23606797749979
9.848857801796104
4.47213595499958
2.23606797749979
4.795831523312719
2
2.23606797749979
4.898979485566356
2
8.774964387392123
2.6457513110645907
10.908712114635714
6.082762530298219
4.795831523312719
2.6457513110645907
3.1622776601683795
3.4641016151377544
2.23606797749979
9.797958971132712
3.1622776601683795
2.8284271247461903
6.48074069840786
12.041594578792296
2.23606797749979
9.486832980505138
7.54983443527075
2.6457513110645907
4.69041575982343
3.4641016151377544
2.23606797749979
4.898979485566356
7.615773105863909
2
7.14142842854285
8
2.6457513110645907
3.872983346207417
2.6457513110645907
4.69041575982343
5.656854249492381
6.928203230275509
5.0990195135927845
5.830951894845301
10
8.54400374531753
2.23606797749979
6.082762530298219
6.6332495807108
3.872983346207417
7.937253933193772
4.123105625617661
2.449489742783178
2.449489742783178
6.244997998398398
4.69041575982343
4.123105625617661
4.58257569495584
4
2.449489742783178
3.7416573867739413
2
4.123105625617661
4.58257569495584
2.23606797749979
3.872983346207417
2.23606797749979
7.615773105863909
2
3.1622776601683795
2.23606797749979
2.23606797749979
2.23606797749979
2
2.23606797749979
5.477225575051661
2.6457513110645907
7.211102550927978
2.449489742783178
4.47213595499958
4.69041575982343
2
2
3
4.123105625617661
5.5677643628300215
7.810249675906654
4
9.219544457292887
4.795831523312719
6.708203932499369
2.23606797749979
3.7416573867739413
6.928203230275509
4.242640687119285
4.898979485566356
4.69041575982343
4.358898943540674
4
3.3166247903554
3.3166247903554
4.358898943540674
4.898979485566356
6.164414002968976
6
9.327379053088816
7.810249675906654
3.605551275463989
6.244997998398398
3.3166247903554
4.795831523312719
9.746794344808963
4.58257569495584
4.69041575982343
5
11.661903789690601
5.477225575051661
5.830951894845301
10.770329614269007
3.872983346207417
2.23606797749979
4.795831523312719
4.58257569495584
2.449489742783178
2.449489742783178
5.916079783099616
5
5.916079783099616
4.123105625617661
13.19090595827292
2.23606797749979
8.06225774829855
6.324555320336759
3.872983346207417
2.23606797749979
3.4641016151377544
4.795831523312719
2
3.1622776601683795
13.341664064126334
2.449489742783178
5.0990195135927845
15.0996688705415
3
4.898979485566356
15.588457268119896
3.605551275463989
5.291502622129181
8.660254037844387
5.291502622129181
5.385164807134504
2.23606797749979
3
6.6332495807108
5.656854249492381
8.94427190999916
2
5.291502622129181
7.211102550927978
5
5.0990195135927845
7.937253933193772
6.164414002968976
5.385164807134504
11.874342087037917
5.477225575051661
3.1622776601683795
9.327379053088816
7.211102550927978
8.426149773176359
8.717797887081348
3.3166247903554
10.488088481701515
4
5.830951894845301
10.099504938362077
9.486832980505138
2.23606797749979
9.746794344808963
4.358898943540674
13.784048752090222
2
9.219544457292887
2.449489742783178
5.744562646538029
5.291502622129181
5.477225575051661
9.643650760992955
5.0990195135927845
4.69041575982343
4.47213595499958
4.242640687119285
11.489125293076057
15.588457268119896
7.14142842854285
4.795831523312719
2
3.3166247903554
14.866068747318506
2.23606797749979
13.96424004376894
2.23606797749979
1.7320508075688772
5.477225575051661
7.211102550927978
4.58257569495584
6.164414002968976
12.206555615733702
10.535653752852738
12.36931687685298
3.1622776601683795
2
4.47213595499958
4.898979485566356
13.96424004376894
9
2.6457513110645907
2
9.273618495495704
6.782329983125268
7.3484692283495345
4.898979485566356
2.449489742783178
4.242640687119285
2.449489742783178
3
12.609520212918492
3.3166247903554
4.47213595499958
11.445523142259598
8.18535277187245
7.3484692283495345
4.242640687119285
7.874007874011811
8.602325267042627
6.48074069840786
7.416198487095663
3.4641016151377544
5.385164807134504
2
6
7.14142842854285
3.7416573867739413
2
5.477225575051661
2.23606797749979
2.449489742783178
10.723805294763608
2.449489742783178
5.196152422706632
7.937253933193772
3.872983346207417
5.477225575051661
7.14142842854285
3.7416573867739413
7.483314773547883
2.23606797749979
2.23606797749979
6.48074069840786
12.328828005937952
2.449489742783178
2.8284271247461903
2.449489742783178
7.14142842854285
8.366600265340756
6.6332495807108
11.180339887498949
2.23606797749979
8.888194417315589
3.872983346207417
15.968719422671311
5.830951894845301
4.242640687119285
2.23606797749979
5.0990195135927845
9.9498743710662
4.795831523312719
5.830951894845301
10.198039027185569
5.291502622129181
2.23606797749979
2.23606797749979
2.449489742783178
2.449489742783178
8.48528137423857
2
2
9.643650760992955
9.38083151964686
2
2.449489742783178
2.449489742783178
2.449489742783178
5.5677643628300215
2
4.358898943540674
4.898979485566356
2
5.291502622129181
6.48074069840786
2.449489742783178
4.69041575982343
4.69041575982343
5.0990195135927845
6.928203230275509
6.244997998398398
7.3484692283495345
6.082762530298219
4.123105625617661
2.449489742783178
6.244997998398398
5.291502622129181
3.3166247903554
5.196152422706632
2.449489742783178
2
2.449489742783178
7
6.4031242374328485
4.58257569495584
10.535653752852738
14.212670403551895
2
3.872983346207417
2.23606797749979
2.23606797749979
2
2.449489742783178
2.449489742783178
8.888194417315589
2.23606797749979
2.23606797749979
4.795831523312719
9.327379053088816
12.36931687685298
5.916079783099616
2.23606797749979
2
6
6.855654600401044
3.7416573867739413
5.916079783099616
6.082762530298219
2.449489742783178
6.855654600401044
3
2.23606797749979
2.449489742783178
24.020824298928627
3.7416573867739413
14.142135623730951
12.84523257866513
7.810249675906654
3
2.449489742783178
4.58257569495584
2.449489742783178
8
7.745966692414834
4.58257569495584
9.9498743710662
12.96148139681572
4.795831523312719
2.23606797749979
5.385164807134504
4
5.5677643628300215
6.082762530298219
2
12.12435565298214
5.291502622129181
7.937253933193772
2
10.099504938362077
8.94427190999916
2.23606797749979
3.7416573867739413
5.744562646538029
2.23606797749979
5
5.5677643628300215
8.888194417315589
4.123105625617661
7.54983443527075
7.615773105863909
3.605551275463989
7.937253933193772
11.661903789690601
4.898979485566356
2.23606797749979
4
6.324555320336759
2.449489742783178
2
8
2
10.344080432788601
13.038404810405298
7.211102550927978
5.830951894845301
11.40175425099138
0
6.708203932499369
8.717797887081348
5.0990195135927845
0
2.23606797749979
7.810249675906654
6.557438524302
5.477225575051661
4
12.449899597988733
5.744562646538029
7.3484692283495345
2.6457513110645907
5.916079783099616
6
3
3
9.9498743710662
2.6457513110645907
3.4641016151377544
7.14142842854285
2.449489742783178
3.7416573867739413
3.4641016151377544
6.782329983125268
5.916079783099616
2
3.7416573867739413
3.4641016151377544
5.291502622129181
7.0710678118654755
12.84523257866513
15.937377450509228
2
11.224972160321824
10.14889156509222
14.177446878757825
2.23606797749979
5.656854249492381
7.937253933193772
6.6332495807108
7.937253933193772
5.916079783099616
11.789826122551595
1.7320508075688772
8.306623862918075
3.3166247903554
2.23606797749979
5.385164807134504
5.477225575051661
6.082762530298219
3.7416573867739413
2.449489742783178
9.486832980505138
5
3.605551275463989
6.708203932499369
6
12.84523257866513
12.569805089976535
2.23606797749979
2
11.575836902790225
7.0710678118654755
6.48074069840786
2
13.490737563232042
5.385164807134504
2.23606797749979
2.23606797749979
2.23606797749979
8.660254037844387
6.082762530298219
5.830951894845301
11.090536506409418
9.746794344808963
4.47213595499958
3.4641016151377544
6.082762530298219
6.708203932499369
7.0710678118654755
7.280109889280518
2.23606797749979
10
2.6457513110645907
8.717797887081348
2
6.782329983125268
8.831760866327848
7.14142842854285
6.324555320336759
6.928203230275509
7.0710678118654755
3.605551275463989
4.69041575982343
10.392304845413264
7.54983443527075
6.48074069840786
7.211102550927978
10.723805294763608
7.280109889280518
7.810249675906654
6.082762530298219
7
7
5.291502622129181
4
7.810249675906654
7.0710678118654755
19.544820285692065
2.23606797749979
7.681145747868608
13.076696830622021
11.045361017187261
6.324555320336759
5.830951894845301
9.16515138991168
12.68857754044952
10.723805294763608
8.54400374531753
10.954451150103322
10.723805294763608
5.0990195135927845
7.681145747868608
6.6332495807108
9.433981132056603
9.16515138991168
6.855654600401044
10.295630140987
6.6332495807108
6.4031242374328485
5.196152422706632
10.198039027185569
7.14142842854285
7.810249675906654
9.746794344808963
5.477225575051661
4.795831523312719
4.47213595499958
3
7.745966692414834
8.660254037844387
8.366600265340756
11.74734012447073
7.3484692283495345
8.18535277187245
9.1104335791443
9.327379053088816
12.24744871391589
12
7.874007874011811
10.392304845413264
7.483314773547883
11.045361017187261
5.477225575051661
5.916079783099616
7
6.855654600401044
6.082762530298219
8.717797887081348
8.306623862918075
10.392304845413264
5.5677643628300215
16.46207763315433
7
8.426149773176359
4.898979485566356
8.246211251235321
5.477225575051661
8.12403840463596
10
5.656854249492381
7.681145747868608
5.196152422706632
10.392304845413264
9
6.928203230275509
5.656854249492381
7.3484692283495345
4
6.082762530298219
16.881943016134134
3.1622776601683795
9
8.306623862918075
12.649110640673518
5.291502622129181
12.649110640673518
4.47213595499958
8.602325267042627
5.656854249492381
7.280109889280518
18.16590212458495
7.937253933193772
6
10.344080432788601
6.928203230275509
9.9498743710662
14.45683229480096
6.855654600401044
9.433981132056603
7.810249675906654
7.745966692414834
8.888194417315589
8.246211251235321
4
6.6332495807108
5.830951894845301
6.855654600401044
4.69041575982343
6.782329983125268
7.810249675906654
5.477225575051661
6.6332495807108
7.14142842854285
4.58257569495584
5
4.69041575982343
8.54400374531753
14.247806848775006
7.416198487095663
10.099504938362077
3
11.61895003862225
4.47213595499958
4.47213595499958
7.681145747868608
2.8284271247461903
11.532562594670797
6.48074069840786
5.656854249492381
5.196152422706632
6.244997998398398
6.164414002968976
17.175564037317667
6.082762530298219
6.855654600401044
7.0710678118654755
15.459624833740307
9.899494936611665
4.358898943540674
11.269427669584644
4.47213595499958
4.898979485566356
7.483314773547883
12.727922061357855
8.660254037844387
5.291502622129181
4
5.5677643628300215
3.872983346207417
4.69041575982343
6
7.280109889280518
8.366600265340756
4.69041575982343
4.123105625617661
7.681145747868608
7.483314773547883
8.717797887081348
9.695359714832659
8.246211251235321
3.872983346207417
7.280109889280518
6.082762530298219
9.539392014169456
8.12403840463596
9.433981132056603
6.6332495807108
7.681145747868608
11.045361017187261
2.8284271247461903
7.483314773547883
6.082762530298219
11.090536506409418
5.385164807134504
7.54983443527075
5
5.656854249492381
11
6.48074069840786
11.575836902790225
8
7.681145747868608
4.242640687119285
11.958260743101398
5.0990195135927845
4.58257569495584
7.211102550927978
7.681145747868608
4.58257569495584
4.123105625617661
3.3166247903554
7.54983443527075
1.7320508075688772
6.782329983125268
10.04987562112089
12.884098726725126
6.708203932499369
6.4031242374328485
6.324555320336759
5.0990195135927845
6.855654600401044
9.486832980505138
6
8
5.5677643628300215
9.055385138137417
8.774964387392123
12.529964086141668
8.18535277187245
13.856406460551018
4.47213595499958
6.324555320336759
3.7416573867739413
5.291502622129181
11.135528725660043
7.54983443527075
11.180339887498949
5
6.244997998398398
10.198039027185569
3.1622776601683795
15.264337522473747
8.94427190999916
5.5677643628300215
4.795831523312719
4.58257569495584
5.291502622129181
10.099504938362077
8.774964387392123
